%YAML:1.0
---
# 这里的sRT是从colmap到GPS-NED坐标系下的
R: !!opencv-matrix
   rows: 3
   cols: 3
   dt: d
   data: [ 0.99885403568730236, -0.047691249521420558,
       -0.0040199639642417243, -0.047741187631086757,
       -0.99876974109935501, -0.013408328303706307,
       -0.0033755584369972629, 0.013584880691864417,
       -0.99990202351121693 ]
t: !!opencv-matrix
   rows: 3
   cols: 1
   dt: d
   data: [ 785.91441944499525, 444.39092639284843, 124.33135404280681 ]
s: 314.42730136023692
