%YAML:1.0
---
# 这里的sRT是从colmap到GPS-NED坐标系下的
R: !!opencv-matrix
   rows: 3
   cols: 3
   dt: d
   data: [ 0.93919156769048739, 0.34338815256724198,
       0.0019431560772982675, 0.34337538495208497, -0.93918493879799259,
       0.0049995743836744955, 0.0035417775327648755,
       -0.0040283261371240617, -0.99998561409674369 ]
t: !!opencv-matrix
   rows: 3
   cols: 1
   dt: d
   data: [ 402.8970383500648, -90.899665557311366, 124.95667206745203 ]
s: 98.488270096870437
