%YAML:1.0
---
# 这里的sRT是从colmap到GPS-NED坐标系下的
R: !!opencv-matrix
   rows: 3
   cols: 3
   dt: d
   data: [ 0.99675459416842394, -0.080299207479687232,
       -0.0056847411792912261, -0.080298911353973018,
       -0.99677078912493866, 0.00028068240735976266,
       -0.0056889225261176242, 0.0001767070489879317,
       -0.99998380233637318 ]
t: !!opencv-matrix
   rows: 3
   cols: 1
   dt: d
   data: [ 763.94025640353698, 41.101420897115588, 126.6438357462561 ]
s: 312.40883142251221
